1.353208571672439575e-01
1.680065542459487915e-01
1.803950369358062744e-01
1.970402896404266357e-01
2.161557078361511230e-01
2.452067732810974121e-01
2.611575424671173096e-01
3.023749291896820068e-01
3.178842663764953613e-01
3.174115121364593506e-01
3.193473815917968750e-01
3.228429555892944336e-01
3.370279967784881592e-01
3.387859463691711426e-01
3.642800152301788330e-01
3.596999645233154297e-01
3.634450137615203857e-01
3.633805513381958008e-01
3.615248501300811768e-01
3.706822097301483154e-01
