2.510574162006378174e-01
2.363325357437133789e-01
2.318474054336547852e-01
2.266197800636291504e-01
2.219470441341400146e-01
2.181632518768310547e-01
2.145616859197616577e-01
2.039777040481567383e-01
2.003425657749176025e-01
1.986546665430068970e-01
1.975892633199691772e-01
1.968453526496887207e-01
1.959612071514129639e-01
1.938892304897308350e-01
1.920267492532730103e-01
1.914156675338745117e-01
1.910397559404373169e-01
1.913484036922454834e-01
1.906034350395202637e-01
1.894468814134597778e-01
